[[[-0.9965589046478271, 0.08287546783685684, 0.0014991255011409521, 0.22909928858280182], [-0.08288868516683578, -0.9964432716369629, -0.015185274183750153, 0.10164173692464828], [0.00023530679754912853, -0.015257278457283974, 0.9998835921287537, 0.022528739646077156], [0.0, 0.0, 0.0, 1.0]], [[-0.0015969276428222656, -0.9999851584434509, -0.005217447876930237, -0.07793854922056198], [0.9999824166297913, -0.0016266107559204102, 0.0057103573344647884, -0.05107054114341736], [-0.005718759261071682, -0.005208237562328577, 0.9999700784683228, 0.022629236802458763], [0.0, 0.0, 0.0, 1.0]], [[-0.7635718584060669, 0.645722508430481, -0.0010059978812932968, 0.11375429481267929], [-0.6456979513168335, -0.7635548114776611, -0.007667188532650471, -0.35028213262557983], [-0.005719009321182966, -0.005204876884818077, 0.9999700784683228, 0.02262924797832966], [0.0, 0.0, 0.0, 1.0]], [[-0.6284118890762329, -0.7670303583145142, 0.12947194278240204, -0.039545249193906784], [0.7776350975036621, -0.623633861541748, 0.0797775536775589, 0.24500347673892975], [0.01955128088593483, 0.15081508457660675, 0.9883686304092407, 0.041025351732969284], [0.0, 0.0, 0.0, 1.0]], [[0.9962197542190552, 0.08665098249912262, 0.006148620508611202, 0.24661694467067719], [-0.08668041229248047, 0.996225118637085, 0.004693076014518738, 0.2729155719280243], [-0.0057187508791685104, -0.005208300426602364, 0.9999700784683228, 0.022629238665103912], [0.0, 0.0, 0.0, 1.0]], [[0.7971444725990295, -0.6037870049476624, 0.001413998194038868, 0.19643208384513855], [0.603761613368988, 0.7971286773681641, 0.007604621816426516, 0.3513602912425995], [-0.005718709900975227, -0.005208264570683241, 0.9999700784683228, 0.02262924425303936], [0.0, 0.0, 0.0, 1.0]], [[-0.6974172592163086, -0.7166442275047302, -0.005514572374522686, -0.022567572072148323], [0.7166118025779724, -0.6974385976791382, 0.006862565875053406, 0.1933448761701584], [-0.008764092810451984, 0.0008342645596712828, 0.999961256980896, 0.022695498540997505], [0.0, 0.0, 0.0, 1.0]], [[-0.05468606948852539, 0.9984917640686035, 0.004888173192739487, 0.2751859426498413], [-0.9984873533248901, -0.054656386375427246, -0.005994244944304228, -0.04274566099047661], [-0.0057180337607860565, -0.005208579357713461, 0.9999700784683228, 0.02262924797832966], [0.0, 0.0, 0.0, 1.0]], [[-0.9742506742477417, 0.2254246175289154, -0.004397628363221884, 0.20988817512989044], [-0.22539499402046204, -0.9742467403411865, -0.006360980682075024, 0.21594500541687012], [-0.005718296859413385, -0.005205986090004444, 0.9999700784683228, 0.02262924611568451], [0.0, 0.0, 0.0, 1.0]], [[0.1791178584098816, -0.9838190078735352, -0.004099848680198193, 0.16678056120872498], [0.9838109016418457, 0.1790890097618103, 0.006559074390679598, 0.34530359506607056], [-0.00571870431303978, -0.005208323244005442, 0.9999700784683228, 0.02262924239039421], [0.0, 0.0, 0.0, 1.0]], [[-0.8660372495651245, -0.49992284178733826, -0.007556597702205181, -0.04472900182008743], [0.4999472200870514, -0.8660545349121094, -0.001651595695875585, -0.2394380420446396], [-0.005718753673136234, -0.005208242684602737, 0.9999700784683228, 0.022629238665103912], [0.0, 0.0, 0.0, 1.0]], [[0.0020088553428649902, 0.9999844431877136, 0.00521979620680213, 0.277970552444458], [-0.999981701374054, 0.0020386576652526855, -0.00570816220715642, -0.009735767729580402], [-0.005718715023249388, -0.005208232905715704, 0.9999700784683228, 0.02262924239039421], [0.0, 0.0, 0.0, 1.0]], [[0.9999825358390808, -0.0015347618609666824, 0.005710794124752283, 0.1650584489107132], [0.0015049725770950317, 0.9999852776527405, 0.005216950085014105, 0.37813708186149597], [-0.005718716885894537, -0.005208264570683241, 0.9999700784683228, 0.022629249840974808], [0.0, 0.0, 0.0, 1.0]], [[0.0013442039489746094, 0.9999856352806091, 0.005216002929955721, 0.277924120426178], [-0.9999828934669495, 0.0013740062713623047, -0.005711613688617945, 0.1709086000919342], [-0.005718698259443045, -0.005208234768360853, 0.9999700784683228, 0.02262924425303936], [0.0, 0.0, 0.0, 1.0]], [[0.6861790418624878, -0.7274321913719177, 0.0008543636649847031, 0.06761264055967331], [0.7274071574211121, 0.686164379119873, 0.007565394975244999, 0.34768885374069214], [-0.0060895453207194805, -0.004569745622575283, 0.9999710321426392, 0.022635307163000107], [0.0, 0.0, 0.0, 1.0]], [[-0.3618290424346924, -0.9322189688682556, -0.00690532848238945, 0.006039237137883902], [0.9322270750999451, -0.36185765266418457, 0.003451107069849968, -0.3152039051055908], [-0.005715933628380299, -0.005188623443245888, 0.9999701976776123, 0.022629152983427048], [0.0, 0.0, 0.0, 1.0]], [[0.4509139657020569, -0.8925650715827942, -0.0020702239125967026, 0.11732787638902664], [0.8925490975379944, 0.45088863372802734, 0.007452796678990126, 0.3444594740867615], [-0.005718665197491646, -0.005208346527069807, 0.9999700784683228, 0.02262924052774906], [0.0, 0.0, 0.0, 1.0]], [[0.08116573095321655, 0.9966846704483032, 0.005655401851981878, 0.2739318311214447], [-0.9966843128204346, 0.0811956524848938, -0.005277019459754229, 0.11839715391397476], [-0.005718718748539686, -0.005208335351198912, 0.9999700784683228, 0.022629251703619957], [0.0, 0.0, 0.0, 1.0]], [[-0.2173018455505371, -0.9760839343070984, -0.006326637696474791, -0.0674675777554512], [0.9760876297950745, -0.21733152866363525, 0.004450144246220589, -0.29944631457328796], [-0.005718691740185022, -0.005208328366279602, 0.9999700784683228, 0.022629238665103912], [0.0, 0.0, 0.0, 1.0]], [[0.99643474817276, 0.08414348214864731, 0.006136756855994463, 0.0777469351887703], [-0.08417292684316635, 0.996440052986145, 0.004708537831902504, -0.28622835874557495], [-0.005718717817217112, -0.005208299495279789, 0.9999700784683228, 0.02262924425303936], [0.0, 0.0, 0.0, 1.0]], [[-0.0018466711044311523, -0.9999846816062927, -0.005218967329710722, -0.07795724272727966], [0.9999819397926331, -0.0018763542175292969, 0.005709023214876652, 0.20421697199344635], [-0.005718728061765432, -0.005208331160247326, 0.9999700784683228, 0.022629249840974808], [0.0, 0.0, 0.0, 1.0]], [[-0.6263841390609741, -0.779477059841156, -0.007642107550054789, -0.05083374306559563], [0.779493510723114, -0.6264090538024902, 0.0011951685883104801, 0.07342186570167542], [-0.005718692671507597, -0.00520833907648921, 0.9999700784683228, 0.02262924425303936], [0.0, 0.0, 0.0, 1.0]], [[-0.6706262826919556, 0.7417955994606018, 2.8456561267375946e-05, 0.015009943395853043], [-0.7417735457420349, -0.6706061363220215, -0.007734951097518206, -0.3472299575805664], [-0.005718668922781944, -0.005208368878811598, 0.9999700784683228, 0.022629253566265106], [0.0, 0.0, 0.0, 1.0]], [[-0.956916093826294, -0.29028111696243286, -0.006984397303313017, 0.12970563769340515], [0.2903088331222534, -0.9569274187088013, -0.0033237882889807224, -0.2012290358543396], [-0.005718727130442858, -0.00520821800455451, 0.9999700784683228, 0.02262924425303936], [0.0, 0.0, 0.0, 1.0]], [[-0.8677201271057129, 0.4970472455024719, -0.0023735922295600176, -0.03431454300880432], [-0.49702000617980957, -0.8677078485488892, -0.007361743599176407, -0.3554813265800476], [-0.0057187192142009735, -0.0052082110196352005, 0.9999700784683228, 0.02262924239039421], [0.0, 0.0, 0.0, 1.0]], [[-0.9998295307159424, 0.017585763707756996, -0.005626234691590071, 0.19430208206176758], [-0.01755593530833721, -0.9998317956924438, -0.005307903978973627, -0.3771454989910126], [-0.005718632135540247, -0.005208225455135107, 0.9999700784683228, 0.02262924797832966], [0.0, 0.0, 0.0, 1.0]], [[0.0012574195861816406, 0.9999856948852539, 0.005215571261942387, 0.2779102623462677], [-0.9999829530715942, 0.001287221908569336, -0.005712066311389208, 0.23055461049079895], [-0.005718697793781757, -0.005208299029618502, 0.9999700784683228, 0.02262924797832966], [0.0, 0.0, 0.0, 1.0]], [[0.0016260147094726562, 0.9999850988388062, 0.005217733792960644, 0.2779408395290375], [-0.9999823570251465, 0.0016558170318603516, -0.005710151977837086, -0.02691483683884144], [-0.005718706175684929, -0.0052083563059568405, 0.9999700784683228, 0.02262924239039421], [0.0, 0.0, 0.0, 1.0]], [[-0.7845335006713867, 0.6200851798057556, -0.0012570128310471773, 0.2028990387916565], [-0.6200600266456604, -0.7845171689987183, -0.007632154040038586, -0.3510587215423584], [-0.005718734115362167, -0.005208257585763931, 0.9999700784683228, 0.02262924425303936], [0.0, 0.0, 0.0, 1.0]], [[-0.7757991552352905, -0.6309328079223633, -0.007722892798483372, -0.046391986310482025], [0.6309541463851929, -0.7758200168609619, -0.0004324805922806263, 0.1440088450908661], [-0.005718708969652653, -0.005208309274166822, 0.9999700784683228, 0.02262924611568451], [0.0, 0.0, 0.0, 1.0]], [[-0.9207154512405396, -0.3901668190956116, -0.0072976816445589066, -0.00919044017791748], [0.3901931643486023, -0.9207296371459961, -0.002564093330875039, 0.19962263107299805], [-0.005718766711652279, -0.005208305083215237, 0.9999700784683228, 0.02262924611568451], [0.0, 0.0, 0.0, 1.0]], [[-0.428938627243042, -0.9033052921295166, -0.0071578240022063255, 0.006141082849353552], [0.903315544128418, -0.4289666414260864, 0.002931668423116207, 0.1169276311993599], [-0.005718659609556198, -0.005208267830312252, 0.9999700784683228, 0.02262924425303936], [0.0, 0.0, 0.0, 1.0]], [[0.002580583095550537, 0.9999831318855286, 0.005223122425377369, 0.27971330285072327], [-0.9999803900718689, 0.0026103854179382324, -0.0057051717303693295, 0.2842456102371216], [-0.005718709900975227, -0.005208296235650778, 0.9999700784683228, 0.022629236802458763], [0.0, 0.0, 0.0, 1.0]], [[-0.03691399097442627, 0.9993061423301697, 0.004993676673620939, 0.19810862839221954], [-0.9993022084236145, -0.036884307861328125, -0.005907024256885052, -0.34704384207725525], [-0.0057187373749911785, -0.005208242684602737, 0.9999700784683228, 0.02262924611568451], [0.0, 0.0, 0.0, 1.0]], [[0.937013566493988, 0.3492191731929779, 0.007177571766078472, 0.24443036317825317], [-0.3492461144924164, 0.9370266199111938, 0.0028831856325268745, -0.03407818451523781], [-0.005718711763620377, -0.005208322778344154, 0.9999700784683228, 0.02262924797832966], [0.0, 0.0, 0.0, 1.0]], [[0.9999821782112122, -0.00173461576923728, 0.005709750112146139, 0.17622578144073486], [0.0017048260197043419, 0.9999849200248718, 0.005218090023845434, 0.3779463768005371], [-0.005718715023249388, -0.005208262708038092, 0.9999700784683228, 0.022629236802458763], [0.0, 0.0, 0.0, 1.0]], [[0.546260416507721, -0.8376144766807556, -0.0012386518064886332, 0.01779271475970745], [0.8375958800315857, 0.5462369918823242, 0.007635112386196852, 0.19493870437145233], [-0.0057186828926205635, -0.005208249669522047, 0.9999700784683228, 0.02262924797832966], [0.0, 0.0, 0.0, 1.0]], [[0.42304283380508423, -0.9061068892478943, -0.002300096210092306, 0.06354471296072006], [0.9060917496681213, 0.4230170249938965, 0.007385124918073416, 0.3443867266178131], [-0.005718731787055731, -0.005208322312682867, 0.9999700784683228, 0.022629255428910255], [0.0, 0.0, 0.0, 1.0]], [[-0.9220044612884521, -0.38711100816726685, -0.007289087865501642, -0.04427407681941986], [0.38713741302490234, -0.9220186471939087, -0.002588218078017235, -0.34349775314331055], [-0.00571874575689435, -0.005208226852118969, 0.9999700784683228, 0.02262924052774906], [0.0, 0.0, 0.0, 1.0]], [[0.9175388813018799, 0.3975786864757538, 0.007318110205233097, 0.12817218899726868], [-0.39760491251945496, 0.9175533056259155, 0.002505155513063073, 0.1963418424129486], [-0.005718760192394257, -0.005208293907344341, 0.9999700784683228, 0.022629238665103912], [0.0, 0.0, 0.0, 1.0]], [[-0.9985290765762329, -0.05388733372092247, -0.005991071928292513, -0.04723374918103218], [0.05391692742705345, -0.9985334873199463, -0.004892457742244005, -0.23619066178798676], [-0.005718644242733717, -0.005208281334489584, 0.9999700784683228, 0.02262924239039421], [0.0, 0.0, 0.0, 1.0]], [[-0.4019043445587158, -0.9156544208526611, -0.007067553699016571, -0.05930806323885918], [0.9156638383865356, -0.40193283557891846, 0.00314312893897295, -0.17396023869514465], [-0.005718701519072056, -0.005208265967667103, 0.9999700784683228, 0.02262924425303936], [0.0, 0.0, 0.0, 1.0]], [[0.6665728092193604, 0.7454003095626831, 0.007694417145103216, 0.08211304992437363], [-0.7454180717468262, 0.6665968894958496, -0.0007910514250397682, 0.34644654393196106], [-0.005718724336475134, -0.005208263639360666, 0.9999700784683228, 0.02262924425303936], [0.0, 0.0, 0.0, 1.0]], [[0.9603658318519592, 0.27865612506866455, 0.0069435713812708855, 0.24436606466770172], [-0.27868396043777466, 0.9603767991065979, 0.0034082643687725067, 0.20534293353557587], [-0.005718710832297802, -0.005208242684602737, 0.9999700784683228, 0.02262924239039421], [0.0, 0.0, 0.0, 1.0]], [[0.0017218589782714844, 0.9999850988388062, 0.0052182297222316265, 0.27794700860977173], [-0.9999823570251465, 0.0017516613006591797, -0.005709663033485413, -0.2230130285024643], [-0.005718717817217112, -0.005208304151892662, 0.9999700784683228, 0.022629251703619957], [0.0, 0.0, 0.0, 1.0]], [[0.00786590576171875, -0.9997791647911072, -0.019493427127599716, -0.07710083574056625], [0.9998696446418762, 0.008138775825500488, -0.013957449235022068, 0.12067503482103348], [0.014113020151853561, -0.019381092861294746, 0.9997125864028931, 0.041933443397283554], [0.0, 0.0, 0.0, 1.0]], [[0.9285585284233093, -0.37117066979408264, 0.0033771104644984007, 0.08513271063566208], [0.3711419999599457, 0.9285500645637512, 0.006958807352930307, -0.20236025750637054], [-0.005718721076846123, -0.005208272021263838, 0.9999700784683228, 0.022629251703619957], [0.0, 0.0, 0.0, 1.0]], [[0.9999627470970154, -0.0009541618055664003, 0.00857560709118843, 0.24838778376579285], [0.0009458483546040952, 0.9999991059303284, 0.0009734377963468432, 0.04489109665155411], [-0.008576527237892151, -0.0009652903536334634, 0.9999627470970154, 0.02266436628997326], [0.0, 0.0, 0.0, 1.0]], [[0.40212827920913696, -0.9155800938606262, -0.0024690073914825916, 0.2239837646484375], [0.915565550327301, 0.40210217237472534, 0.0073303342796862125, 0.3443518877029419], [-0.005718714091926813, -0.005208272952586412, 0.9999700784683228, 0.022629234939813614], [0.0, 0.0, 0.0, 1.0]], [[-0.9999830722808838, 0.0012098439037799835, -0.0057124728336930275, -0.048313628882169724], [-0.0011800550855696201, -0.9999858140945435, -0.005215200129896402, -0.3779003620147705], [-0.005718700587749481, -0.0052083698101341724, 0.9999700784683228, 0.02262924797832966], [0.0, 0.0, 0.0, 1.0]], [[0.32958483695983887, -0.9441211819648743, -0.003032572101801634, 0.060300182551145554], [0.944108784198761, 0.3295576572418213, 0.0071156988851726055, 0.3441329896450043], [-0.005718674045056105, -0.005208304617553949, 0.9999700784683228, 0.02262924239039421], [0.0, 0.0, 0.0, 1.0]], [[-0.9406514167785645, -0.3392997682094574, -0.007146630901843309, -0.04445023834705353], [0.3393268287181854, -0.9406641721725464, -0.0029588728211820126, -0.1844208836555481], [-0.005718633066862822, -0.005208310205489397, 0.9999700784683228, 0.02262924425303936], [0.0, 0.0, 0.0, 1.0]], [[0.0023769736289978027, 0.9999836087226868, 0.005221974570304155, 0.2796904742717743], [-0.9999808669090271, 0.002406775951385498, -0.005706245545297861, 0.34722259640693665], [-0.0057187206111848354, -0.005208310205489397, 0.9999700784683228, 0.02262924425303936], [0.0, 0.0, 0.0, 1.0]], [[0.9810102581977844, 0.1938427984714508, 0.006619888357818127, 0.24512121081352234], [-0.19387146830558777, 0.9810187816619873, 0.004001024179160595, 0.3681820333003998], [-0.005718665197491646, -0.0052084531635046005, 0.9999700784683228, 0.02262924611568451], [0.0, 0.0, 0.0, 1.0]], [[0.7067477107048035, 0.7074235081672668, 0.0077263470739126205, 0.2307058721780777], [-0.707442581653595, 0.7067707777023315, -0.0003645983524620533, 0.3475296199321747], [-0.005718681961297989, -0.005208267830312252, 0.9999700784683228, 0.02262924052774906], [0.0, 0.0, 0.0, 1.0]], [[-0.5638962984085083, -0.8258119225502014, -0.007489889394491911, 0.11975546181201935], [0.825826108455658, -0.5639224052429199, 0.0018089511431753635, -0.11814291775226593], [-0.0057175676338374615, -0.005165284499526024, 0.9999703168869019, 0.022629039362072945], [0.0, 0.0, 0.0, 1.0]], [[-0.278018593788147, -0.9605530500411987, -0.006592870689928532, -0.06388194113969803], [0.9605586528778076, -0.278048038482666, 0.004045182839035988, 0.10143221914768219], [-0.005718747153878212, -0.005208202637732029, 0.9999700784683228, 0.02262924052774906], [0.0, 0.0, 0.0, 1.0]], [[-0.0020312070846557617, -0.9999843835830688, -0.0052200439386069775, -0.07797157019376755], [0.9999816417694092, -0.0020608901977539062, 0.005708045791834593, 0.25566622614860535], [-0.005718714091926813, -0.005208353977650404, 0.9999700784683228, 0.02262924611568451], [0.0, 0.0, 0.0, 1.0]], [[0.03285408020019531, 0.9994456171989441, 0.005393379833549261, 0.08754535019397736], [-0.9994438290596008, 0.03288394212722778, -0.0055444566532969475, -0.020187972113490105], [-0.005718738306313753, -0.005208222195506096, 0.9999700784683228, 0.02262924611568451], [0.0, 0.0, 0.0, 1.0]], [[0.0018311738967895508, 0.9999848008155823, 0.005218791775405407, 0.2779558002948761], [-0.9999820590019226, 0.001860976219177246, -0.005709117278456688, -0.32954907417297363], [-0.005718742497265339, -0.005208242684602737, 0.9999700784683228, 0.02262924611568451], [0.0, 0.0, 0.0, 1.0]], [[0.9695755243301392, 0.2446974515914917, 0.006812437437474728, 0.16329744458198547], [-0.24472558498382568, 0.9695855379104614, 0.0036477092653512955, 0.35488462448120117], [-0.005712655372917652, -0.005203907378017902, 0.9999701380729675, 0.02262924797832966], [0.0, 0.0, 0.0, 1.0]], [[-0.9933457374572754, -0.11499381810426712, -0.006389589048922062, -0.04309241101145744], [0.11502211540937424, -0.9933539628982544, -0.004252770449966192, -0.1510668694972992], [-0.0058580804616212845, -0.004959415178745985, 0.999970555305481, 0.022631503641605377], [0.0, 0.0, 0.0, 1.0]], [[0.0018690824508666992, 0.9999847412109375, 0.005219109356403351, 0.2779558002948761], [-0.9999819993972778, 0.0018988847732543945, -0.0057089137844741344, 0.0015698455972597003], [-0.005718736909329891, -0.005208343733102083, 0.9999700784683228, 0.02262924052774906], [0.0, 0.0, 0.0, 1.0]], [[0.26964735984802246, 0.9629369974136353, 0.006548026110976934, 0.2079448103904724], [-0.9629422426223755, 0.26967674493789673, -0.004103440325707197, 0.12292413413524628], [-0.0057172044180333614, -0.005198888015002012, 0.9999701380729675, 0.02262919768691063], [0.0, 0.0, 0.0, 1.0]], [[0.8831838369369507, -0.46901974081993103, 0.002607965376228094, 0.15637660026550293], [0.4689921438694, 0.883172333240509, 0.0072820596396923065, 0.3564785122871399], [-0.005718712229281664, -0.005208282731473446, 0.9999700784683228, 0.02262924239039421], [0.0, 0.0, 0.0, 1.0]], [[0.9131615161895752, 0.4075317084789276, 0.007344922516494989, 0.24430155754089355], [-0.40755775570869446, 0.9131762385368347, 0.0024255719035863876, -0.2188469022512436], [-0.005718711297959089, -0.00520841870456934, 0.9999700784683228, 0.02262924611568451], [0.0, 0.0, 0.0, 1.0]], [[0.8916836380958557, -0.45265090465545654, 0.0027418392710387707, 0.21112804114818573], [0.45262306928634644, 0.8916726112365723, 0.007232777774333954, 0.0565645769238472], [-0.00571874575689435, -0.005208330228924751, 0.9999700784683228, 0.022629238665103912], [0.0, 0.0, 0.0, 1.0]], [[0.0012227296829223633, 0.9999856948852539, 0.00521543063223362, 0.27790096402168274], [-0.9999829530715942, 0.0012525320053100586, -0.005712205544114113, -0.18560341000556946], [-0.0057186558842659, -0.0052083563059568405, 0.9999700784683228, 0.022629253566265106], [0.0, 0.0, 0.0, 1.0]], [[0.2291780710220337, 0.9733636379241943, 0.006380347069352865, 0.2563333809375763], [-0.9733676910400391, 0.22920775413513184, -0.004372761584818363, -0.27401062846183777], [-0.005718712229281664, -0.005208282731473446, 0.9999700784683228, 0.022629236802458763], [0.0, 0.0, 0.0, 1.0]], [[-0.9307048320770264, -0.3656998872756958, -0.007227296940982342, 0.0358574315905571], [0.3657265901565552, -0.9307183027267456, -0.002756021451205015, 0.06826411187648773], [-0.005718700587749481, -0.005208257120102644, 0.9999700784683228, 0.02262924797832966], [0.0, 0.0, 0.0, 1.0]], [[-0.0012191534042358398, -0.9999857544898987, -0.005215359851717949, -0.07790013402700424], [0.999983012676239, -0.0012488365173339844, 0.005712289363145828, -0.29351285099983215], [-0.005718720145523548, -0.005208306945860386, 0.9999700784683228, 0.02262924611568451], [0.0, 0.0, 0.0, 1.0]], [[-0.632665753364563, 0.774425208568573, 0.0004153572954237461, 0.23747283220291138], [-0.7744042277336121, -0.6326444149017334, -0.007723799906671047, -0.019536087289452553], [-0.0057187313213944435, -0.005208236165344715, 0.9999700784683228, 0.022629255428910255], [0.0, 0.0, 0.0, 1.0]], [[-0.0013390779495239258, -0.9999855160713196, -0.005216133315116167, -0.07791753113269806], [0.9999827742576599, -0.0013687610626220703, 0.005711636506021023, -0.16505001485347748], [-0.005718693602830172, -0.005208395421504974, 0.9999700784683228, 0.02262924052774906], [0.0, 0.0, 0.0, 1.0]], [[-0.9767451286315918, -0.21429955959320068, -0.006702097598463297, -0.044967181980609894], [0.21432805061340332, -0.9767543077468872, -0.0038616566453129053, -0.20631708204746246], [-0.005718750413507223, -0.005208301357924938, 0.9999700784683228, 0.02262924425303936], [0.0, 0.0, 0.0, 1.0]], [[-0.3966161012649536, -0.9179576635360718, -0.007049275562167168, -0.059505268931388855], [0.9179669618606567, -0.39664459228515625, 0.0031839569564908743, -0.2677176594734192], [-0.005718792788684368, -0.005208192393183708, 0.9999700784683228, 0.02262924425303936], [0.0, 0.0, 0.0, 1.0]], [[0.8234834671020508, -0.5673375725746155, 0.0017554904334247112, 0.09269624203443527], [0.5673114657402039, 0.8234689235687256, 0.007533076219260693, 0.3529439866542816], [-0.005719388369470835, -0.005207454785704613, 0.9999700784683228, 0.022629249840974808], [0.0, 0.0, 0.0, 1.0]], [[0.9044000506401062, -0.42667528986930847, 0.002949837129563093, 0.12807805836200714], [0.4266471564769745, 0.9043898582458496, 0.00715042557567358, 0.2264498919248581], [-0.0057187131606042385, -0.005208305083215237, 0.9999700784683228, 0.02262924797832966], [0.0, 0.0, 0.0, 1.0]], [[0.9928374886512756, 0.11930657178163528, 0.006299317814409733, 0.21255087852478027], [-0.11933580785989761, 0.9928438067436218, 0.004488750360906124, 0.1446542739868164], [-0.005718701519072056, -0.00520833395421505, 0.9999700784683228, 0.02262924797832966], [0.0, 0.0, 0.0, 1.0]], [[-0.5507280826568604, 0.8346619009971619, -0.006207972764968872, 0.13256198167800903], [-0.8346391320228577, -0.5507605075836182, -0.006380446255207062, -0.25133222341537476], [-0.00874461978673935, 0.0016675267834216356, 0.9999603629112244, 0.02271145023405552], [0.0, 0.0, 0.0, 1.0]], [[-0.8615161180496216, 0.5077251195907593, -0.0022824774496257305, 0.24402455985546112], [-0.5076980590820312, -0.8615033626556396, -0.007390522863715887, 0.05735858529806137], [-0.005718715954571962, -0.005208245012909174, 0.9999700784683228, 0.02262924425303936], [0.0, 0.0, 0.0, 1.0]], [[-0.001233220100402832, -0.9999856948852539, -0.005215486511588097, -0.0779079794883728], [0.9999829530715942, -0.0012629032135009766, 0.005712174344807863, 0.2824198007583618], [-0.005718679167330265, -0.005208353977650404, 0.9999700784683228, 0.02262924797832966], [0.0, 0.0, 0.0, 1.0]], [[0.19894391298294067, -0.9800028204917908, -0.0039665717631578445, -0.06786162406206131], [0.9799941182136536, 0.1989153027534485, 0.006640497595071793, -0.1522340476512909], [-0.0057186949998140335, -0.005208304151892662, 0.9999700784683228, 0.02262924611568451], [0.0, 0.0, 0.0, 1.0]], [[0.9999828338623047, -0.0013172687031328678, 0.005711892619729042, 0.20264598727226257], [0.0012874798849225044, 0.9999855756759644, 0.00521578174084425, 0.37788957357406616], [-0.005718681029975414, -0.005208338610827923, 0.9999700784683228, 0.02262924797832966], [0.0, 0.0, 0.0, 1.0]], [[-0.9261904954910278, -0.3769861161708832, -0.007258760742843151, -0.02594626136124134], [0.3770126402378082, -0.9262043237686157, -0.0026635818649083376, -0.07674062997102737], [-0.005718962289392948, -0.005203628912568092, 0.9999700784683228, 0.022629249840974808], [0.0, 0.0, 0.0, 1.0]], [[-0.12387430667877197, -0.9922804832458496, -0.0059132445603609085, -0.06368221342563629], [0.9922815561294556, -0.12390446662902832, 0.005027779843658209, 0.19251003861427307], [-0.0057216426357626915, -0.00524479104205966, 0.9999698996543884, 0.022629546001553535], [0.0, 0.0, 0.0, 1.0]], [[-0.6550036668777466, 0.75562584400177, 0.00018583307974040508, 0.039357420057058334], [-0.7556042671203613, -0.6549830436706543, -0.007730118930339813, 0.013977796770632267], [-0.005719359964132309, -0.005203671753406525, 0.9999700784683228, 0.02262924425303936], [0.0, 0.0, 0.0, 1.0]], [[-0.9999825954437256, 0.001579281990416348, -0.005710568279027939, 0.05448416993021965], [-0.001549492939375341, -0.9999853372573853, -0.005217158235609531, -0.3781532049179077], [-0.005718722939491272, -0.005208218470215797, 0.9999700784683228, 0.02262924611568451], [0.0, 0.0, 0.0, 1.0]], [[0.31722038984298706, 0.9483278393745422, 0.006753333378583193, 0.2629674971103668], [-0.9483346343040466, 0.31724947690963745, -0.0037710596807301044, -0.03487559035420418], [-0.005718692671507597, -0.005208163056522608, 0.9999700784683228, 0.02262924425303936], [0.0, 0.0, 0.0, 1.0]], [[0.9999827742576599, -0.0013620768440887332, 0.005711686797440052, 0.1902928501367569], [0.0013322875602170825, 0.9999855160713196, 0.005216056015342474, 0.37793466448783875], [-0.005718708969652653, -0.005208356771618128, 0.9999700784683228, 0.02262924239039421], [0.0, 0.0, 0.0, 1.0]], [[0.0008829236030578613, 0.9999861121177673, 0.005201815627515316, 0.27791357040405273], [-0.9999832510948181, 0.0009126663208007812, -0.005713141523301601, 0.212774395942688], [-0.005717809312045574, -0.005196684040129185, 0.9999701380729675, 0.02262905053794384], [0.0, 0.0, 0.0, 1.0]], [[-0.9141901731491089, -0.405219167470932, -0.007338703144341707, -0.044355358928442], [0.40524527430534363, -0.9142048358917236, -0.0024440602865070105, -0.3587453365325928], [-0.00571869732812047, -0.005208310671150684, 0.9999700784683228, 0.02262924797832966], [0.0, 0.0, 0.0, 1.0]], [[-0.8083808422088623, -0.5886098742485046, -0.007688668556511402, 0.11583366990089417], [0.5886322855949402, -0.8084006309509277, -0.0008440806996077299, 0.045622553676366806], [-0.005718689411878586, -0.005208136513829231, 0.9999700784683228, 0.02262924611568451], [0.0, 0.0, 0.0, 1.0]], [[-0.49694979190826416, -0.867747962474823, -0.00736159086227417, -0.03676271811127663], [0.8677603602409363, -0.4969770908355713, 0.0023742159828543663, -0.06765910983085632], [-0.005718763917684555, -0.005208230577409267, 0.9999700784683228, 0.022629249840974808], [0.0, 0.0, 0.0, 1.0]], [[0.4865792393684387, 0.8736202120780945, 0.005331106949597597, 0.18342331051826477], [-0.8735949397087097, 0.48660653829574585, -0.0067770215682685375, -0.05021024867892265], [-0.008514693938195705, -0.0013596699573099613, 0.9999628067016602, 0.022657334804534912], [0.0, 0.0, 0.0, 1.0]], [[-0.8548834323883057, 0.5188153982162476, -0.0021908788476139307, 0.21270087361335754], [-0.5187884569168091, -0.8548704385757446, -0.007412818260490894, -0.044195156544446945], [-0.005718802101910114, -0.005200493149459362, 0.9999701380729675, 0.022629249840974808], [0.0, 0.0, 0.0, 1.0]], [[-0.28404247760772705, 0.9588058590888977, 0.003369527868926525, 0.19136899709701538], [-0.9587947726249695, -0.2840147018432617, -0.006962522864341736, 0.23390856385231018], [-0.005718712694942951, -0.005208336748182774, 0.9999700784683228, 0.02262924611568451], [0.0, 0.0, 0.0, 1.0]], [[-0.5774871110916138, -0.8163648247718811, -0.007554490584880114, -0.04687416926026344], [0.816379725933075, -0.5775129795074463, 0.0016609103186056018, -0.2697976529598236], [-0.0057187252677977085, -0.005208179354667664, 0.9999700784683228, 0.02262924611568451], [0.0, 0.0, 0.0, 1.0]], [[-0.9688963890075684, -0.24737274646759033, -0.006829460151493549, -0.04460445046424866], [0.2474009096622467, -0.9689065217971802, -0.003631680039688945, 0.14826413989067078], [-0.00571872852742672, -0.005208335816860199, 0.9999700784683228, 0.02262924425303936], [0.0, 0.0, 0.0, 1.0]], [[-0.7676906585693359, -0.6407747268676758, -0.007700938731431961, -0.04654582589864731], [0.640795111656189, -0.7677122354507446, -0.00023945164866745472, 0.07097169011831284], [-0.0057586682960391045, -0.005118547938764095, 0.9999703168869019, 0.022629590705037117], [0.0, 0.0, 0.0, 1.0]], [[-0.7107924222946167, 0.7034018635749817, -0.0004013180732727051, 0.19777795672416687], [-0.7033787369728088, -0.7107734680175781, -0.00772463483735919, 0.09779787063598633], [-0.005718768108636141, -0.005208332557231188, 0.9999700784683228, 0.022629236802458763], [0.0, 0.0, 0.0, 1.0]], [[-0.0012537240982055664, -0.9999856948852539, -0.005215557757765055, -0.0779096931219101], [0.9999829530715942, -0.001283407211303711, 0.005712094251066446, 0.3470578193664551], [-0.005718705710023642, -0.005208307411521673, 0.9999700784683228, 0.02262924611568451], [0.0, 0.0, 0.0, 1.0]], [[0.7690143585205078, -0.6392306685447693, 0.0010684672743082047, -0.03994140028953552], [0.6392059922218323, 0.7689974308013916, 0.007660841569304466, 0.0858570858836174], [-0.005718693137168884, -0.005208326503634453, 0.9999700784683228, 0.02262924425303936], [0.0, 0.0, 0.0, 1.0]], [[-0.5772981643676758, -0.8165249228477478, -0.0037853403482586145, 0.018090812489390373], [0.8164867758750916, -0.5773085355758667, 0.008039787411689758, -0.34468722343444824], [-0.008749994449317455, 0.0015506735071539879, 0.9999605417251587, 0.022709282115101814], [0.0, 0.0, 0.0, 1.0]], [[-0.7316066026687622, -0.6817028522491455, -0.005770851392298937, 0.18799781799316406], [0.6816710233688354, -0.7316287755966187, 0.0066566262394189835, 0.3458099365234375], [-0.008759960532188416, 0.0009362087585031986, 0.9999611973762512, 0.022697297856211662], [0.0, 0.0, 0.0, 1.0]], [[-0.918658971786499, 0.39503931999206543, -0.003196160541847348, 0.24373376369476318], [-0.3950108289718628, -0.9186497926712036, -0.007043803576380014, -0.0573594830930233], [-0.005718730390071869, -0.0052083334885537624, 0.9999700784683228, 0.02262924239039421], [0.0, 0.0, 0.0, 1.0]], [[-0.8513127565383911, -0.5246060490608215, -0.007425508461892605, -0.025780020281672478], [0.524586021900177, -0.8513451814651489, 0.00458284467458725, -0.0945955365896225], [-0.00872585829347372, 6.116461008787155e-06, 0.9999619126319885, 0.022681554779410362], [0.0, 0.0, 0.0, 1.0]], [[0.7771036028862, 0.6293253898620605, 0.007721926085650921, 0.22427763044834137], [-0.6293467283248901, 0.7771245241165161, 0.0004484178498387337, 0.18975314497947693], [-0.005718697793781757, -0.005208236165344715, 0.9999700784683228, 0.02262924239039421], [0.0, 0.0, 0.0, 1.0]], [[-0.001362919807434082, -0.9999855160713196, -0.005216227378696203, -0.07791942358016968], [0.9999827742576599, -0.0013926029205322266, 0.005711546167731285, 0.19226722419261932], [-0.005718727130442858, -0.005208353511989117, 0.9999700784683228, 0.02262924425303936], [0.0, 0.0, 0.0, 1.0]], [[-0.9999814033508301, 0.0021546538919210434, -0.005707618314772844, 0.13262112438678741], [-0.0021248632110655308, -0.9999841451644897, -0.005220403429120779, -0.3779783546924591], [-0.005718775559216738, -0.005208177957683802, 0.9999700784683228, 0.022629251703619957], [0.0, 0.0, 0.0, 1.0]], [[-0.0012354850769042969, -0.9999856948852539, -0.005215417593717575, -0.07790249586105347], [0.9999829530715942, -0.0012651681900024414, 0.005712223704904318, 0.004824853036552668], [-0.00571874063462019, -0.005208271089941263, 0.9999700784683228, 0.02262924239039421], [0.0, 0.0, 0.0, 1.0]], [[-0.9928209781646729, -0.1193009540438652, -0.008631754666566849, 0.09163985401391983], [0.11929995566606522, -0.9928584098815918, 0.0006314711645245552, -0.1263112872838974], [-0.008645441383123398, -0.00040283004636876285, 0.999962568283081, 0.022673873230814934], [0.0, 0.0, 0.0, 1.0]], [[0.6198620796203613, 0.7846736907958984, 0.007631819695234299, 0.25108230113983154], [-0.7846900224685669, 0.619887113571167, -0.0012589336838573217, -0.036931633949279785], [-0.0057187192142009735, -0.0052082473412156105, 0.9999700784683228, 0.022629238665103912], [0.0, 0.0, 0.0, 1.0]], [[0.18719834089279175, 0.9823111891746521, 0.004658447578549385, 0.20398731529712677], [-0.9822873473167419, 0.18722951412200928, -0.007541893050074577, 0.07834936678409576], [-0.008280684240162373, -0.003164103487506509, 0.999960720539093, 0.022626709192991257], [0.0, 0.0, 0.0, 1.0]], [[-0.6066131591796875, 0.7949969172477722, 0.0006715215276926756, 0.2397838830947876], [-0.7949766516685486, -0.6065911054611206, -0.0077057527378201485, -0.2693793475627899], [-0.005718710832297802, -0.005208254791796207, 0.9999700784683228, 0.022629238665103912], [0.0, 0.0, 0.0, 1.0]], [[-0.9912452697753906, -0.13188233971595764, -0.00634622760117054, 0.18971963226795197], [0.13191139698028564, -0.9912519454956055, -0.0043997084721922874, -0.2580660581588745], [-0.0057104649022221565, -0.005198328755795956, 0.9999701976776123, 0.022629279643297195], [0.0, 0.0, 0.0, 1.0]], [[-0.9673783779144287, 0.2533007860183716, -0.004213009960949421, 0.12917743623256683], [-0.25327128171920776, -0.9673734903335571, -0.006486921105533838, -0.24462959170341492], [-0.005718696862459183, -0.005208272952586412, 0.9999700784683228, 0.022629236802458763], [0.0, 0.0, 0.0, 1.0]], [[0.7483841180801392, 0.6632204651832581, 0.007734245155006647, 0.24711529910564423], [-0.6632408499717712, 0.7484059929847717, 0.00010499614290893078, -0.11123064905405045], [-0.005718719679862261, -0.005208245478570461, 0.9999700784683228, 0.022629251703619957], [0.0, 0.0, 0.0, 1.0]], [[0.9933400750160217, -0.11510717868804932, 0.005081284325569868, 0.10413271188735962], [0.11507727205753326, 0.9933394193649292, 0.005831902381032705, 0.17263461649417877], [-0.00571873364970088, -0.005208322312682867, 0.9999700784683228, 0.02262924425303936], [0.0, 0.0, 0.0, 1.0]], [[0.6561972498893738, 0.7545503377914429, 0.007682736497372389, 0.15008045732975006], [-0.7545677423477173, 0.6562215685844421, -0.0008974405936896801, -0.27267569303512573], [-0.005718742031604052, -0.005208246409893036, 0.9999700784683228, 0.022629238665103912], [0.0, 0.0, 0.0, 1.0]], [[0.023768186569213867, 0.9950895309448242, 0.09608283638954163, 0.27977263927459717], [-0.9791339635848999, 0.0037685036659240723, 0.203181192278862, -0.03795024752616882], [0.20182138681411743, -0.0989072173833847, 0.9744154810905457, 0.034705374389886856], [0.0, 0.0, 0.0, 1.0]], [[0.9567548632621765, 0.2908114492893219, 0.006986283231526613, 0.07054035365581512], [-0.29083916544914246, 0.9567661881446838, 0.003319996874779463, 0.29810062050819397], [-0.005718746688216925, -0.005208307411521673, 0.9999700784683228, 0.02262924425303936], [0.0, 0.0, 0.0, 1.0]], [[-0.9778724908828735, 0.20915256440639496, -0.004502998664975166, 0.04127852991223335], [-0.20912285149097443, -0.9778690338134766, -0.0062891398556530476, -0.2836490571498871], [-0.005718733184039593, -0.005208298098295927, 0.9999700784683228, 0.02262924425303936], [0.0, 0.0, 0.0, 1.0]], [[0.4081866145133972, 0.9128709435462952, 0.007089055608958006, 0.25887271761894226], [-0.9128805994987488, 0.4082149863243103, -0.0030944976024329662, 0.199080690741539], [-0.005718735512346029, -0.005208328831940889, 0.9999700784683228, 0.022629231214523315], [0.0, 0.0, 0.0, 1.0]], [[-0.9999828338623047, 0.0013957942137494683, -0.005711473058909178, 0.21125511825084686], [-0.0013660049298778176, -0.9999855756759644, -0.005216270685195923, -0.37791958451271057], [-0.005718671251088381, -0.005208378657698631, 0.9999700784683228, 0.022629249840974808], [0.0, 0.0, 0.0, 1.0]], [[-0.9427007436752319, -0.3335634469985962, -0.00712854927405715, -0.04438195005059242], [0.333590567111969, -0.9427132606506348, -0.003002464072778821, 0.31697529554367065], [-0.005718665663152933, -0.005208441987633705, 0.9999700784683228, 0.022629251703619957], [0.0, 0.0, 0.0, 1.0]], [[0.31242918968200684, 0.9499172568321228, 0.006734303664416075, 0.26318642497062683], [-0.9499239325523376, 0.3124583959579468, -0.0038051074370741844, 0.04544658958911896], [-0.005718727130442858, -0.005208248272538185, 0.9999700784683228, 0.02262924052774906], [0.0, 0.0, 0.0, 1.0]], [[-0.0012236833572387695, -0.9999856948852539, -0.005215412471443415, -0.07790060341358185], [0.9999829530715942, -0.001253366470336914, 0.0057122898288071156, -0.1495211273431778], [-0.0057187448255717754, -0.0052083334885537624, 0.9999700784683228, 0.02262924425303936], [0.0, 0.0, 0.0, 1.0]], [[-0.4551655054092407, 0.8904045820236206, 0.0020346627570688725, 0.22431083023548126], [-0.8903884887695312, -0.4551403522491455, -0.007462639361619949, -0.344470351934433], [-0.005718710832297802, -0.005208376795053482, 0.9999700784683228, 0.02262924239039421], [0.0, 0.0, 0.0, 1.0]], [[-0.9516322612762451, -0.30715855956077576, -0.007042144890874624, -0.04423830285668373], [0.3071860373020172, -0.9516440629959106, -0.003199842292815447, -0.058351147919893265], [-0.0057187569327652454, -0.005208322312682867, 0.9999700784683228, 0.02262924052774906], [0.0, 0.0, 0.0, 1.0]], [[0.8760302662849426, -0.4822496473789215, 0.0024981582537293434, 0.15069206058979034], [0.48222222924232483, 0.8760183453559875, 0.007320453878492117, 0.018296578899025917], [-0.005718718282878399, -0.005208272021263838, 0.9999700784683228, 0.02262924611568451], [0.0, 0.0, 0.0, 1.0]], [[-0.96513831615448, -0.2616504728794098, -0.006882348097860813, 0.011133155785501003], [0.2616784870624542, -0.9651488065719604, -0.003530401736497879, -0.055042680352926254], [-0.005718757398426533, -0.005208287388086319, 0.9999700784683228, 0.022629238665103912], [0.0, 0.0, 0.0, 1.0]], [[0.15626460313796997, 0.9876970052719116, 0.006013466045260429, 0.22069576382637024], [-0.9876987934112549, 0.1562943458557129, -0.004838299471884966, 0.2087976187467575], [-0.005718644708395004, -0.0051834373734891415, 0.9999701976776123, 0.022629249840974808], [0.0, 0.0, 0.0, 1.0]], [[0.5084608793258667, -0.8610836267471313, -0.0015770804602652788, -0.03966999053955078], [0.8610661029815674, 0.5084366202354431, 0.007572506554424763, -0.0019330157665535808], [-0.00571871642023325, -0.005208293907344341, 0.9999700784683228, 0.022629251703619957], [0.0, 0.0, 0.0, 1.0]], [[-0.7360408306121826, 0.6769366264343262, -0.0006835360545665026, 0.051130928099155426], [-0.676912784576416, -0.7360228300094604, -0.007704771589487791, -0.34912633895874023], [-0.00571874063462019, -0.0052083334885537624, 0.9999700784683228, 0.02262924797832966], [0.0, 0.0, 0.0, 1.0]], [[-0.0012297630310058594, -0.9999857544898987, -0.005215443670749664, -0.077907994389534], [0.999983012676239, -0.001259446144104004, 0.005712219513952732, 0.06408318877220154], [-0.005718706175684929, -0.005208331160247326, 0.9999700784683228, 0.022629238665103912], [0.0, 0.0, 0.0, 1.0]], [[-0.02149045467376709, -0.9997572302818298, -0.0048639471642673016, -0.07689578086137772], [0.9997510313987732, -0.021519064903259277, 0.005904012359678745, 0.230721116065979], [-0.00600724620744586, -0.0047358563169837, 0.9999707341194153, 0.022634001448750496], [0.0, 0.0, 0.0, 1.0]], [[0.6367076635360718, -0.7711052298545837, -0.00037497933954000473, 0.03242523968219757], [0.7710841298103333, 0.6366865038871765, 0.007725858129560947, 0.17112666368484497], [-0.00571870431303978, -0.005208253860473633, 0.9999700784683228, 0.02262924425303936], [0.0, 0.0, 0.0, 1.0]], [[-0.0017180442810058594, -0.9999850988388062, -0.005218186415731907, -0.07788891345262527], [0.9999823570251465, -0.001747727394104004, 0.005709664896130562, -0.33388277888298035], [-0.005718697793781757, -0.00520828552544117, 0.9999700784683228, 0.02262924797832966], [0.0, 0.0, 0.0, 1.0]], [[0.43866783380508423, -0.8986467123031616, -0.0021718130446970463, 0.2142856866121292], [0.8986310958862305, 0.438642